1.92 
1.82 
1.65 
1.46 
1.27 
1.11 
1.00 
0.96 
1.00 
1.11 
1.27
1.46
1.65
1.82 
1.92
1.82
1.71
1.54
1.35
1.16
1.00
0.89
0.85 
0.89
1.00
1.16
1.35
1.54
1.71
1.82
1.65
1.54
1.38
1.19
1.00 
0.84
0.73
0.69
0.73
0.84
1.00
1.19
1.38
1.54
1.65
1.46
1.35
1.19
1.00
0.81 
0.65
0.54
0.50
0.54
0.65
0.81
1.00
1.19
1.35
1.46
1.27
1.16
1.00
0.81
0.62 
0.46
0.35
0.31
0.35
0.46
0.62
0.81
1.00
1.16
1.27
1.11
1.00
0.84
0.65
0.46
0.29
0.18
0.15
0.18
0.29
0.46
0.65
0.84
1.00
1.11
1.00 
0.89
0.73
0.54
0.35
0.18
0.08
0.04
0.08
0.18
0.35
0.54
0.73
0.89
1.00
0.96
0.85
0.69
0.50
0.31
0.15
0.04
-0.00
0.04
0.15
0.31
0.50
0.69
0.85
0.96
1.00
0.89
0.73
0.54
0.35
0.18
0.08
0.04
0.08
0.18
0.35
0.54
0.73
0.89
1.00
1.11
1.00
0.84
0.65
0.46
0.29
0.18
0.15
0.18
0.29
0.46
0.65
0.84
1.00
1.11
1.27
1.16
1.00
0.81
0.62
0.46
0.35
0.31
0.35
0.46
0.62
0.81
1.00
1.16
1.27 
1.46
1.35
1.19
1.00
0.81
0.65
0.54
0.50
0.54
0.65
0.81
1.00
1.19
1.35
1.46
1.65
1.54
1.38
1.19
1.00
0.84
0.73
0.69
0.73
0.84
1.00
1.19
1.38
1.54
1.65
1.82
1.71
1.54 
1.35
1.16
1.00
0.89
0.85
0.89
1.00
1.16
1.35
1.54
1.71
1.82
1.92
1.82
1.65
1.46
1.27
1.11
1.00
0.96
1.00
1.11 
1.27
1.46
1.65
1.82
1.92